camera_matrix = 525.484 0 310.039 0 529.327 240.016 0 0 1
dist_coeffs = -0.148181 0.496048 0.00288681 0.0049794 -0.468124
