camera_matrix = 522.102 0 310.745 0 524.281 244.755 0 0 1
dist_coeffs = -0.151316 0.44019 0.00379468 0.00261234 -0.321585
