camera_matrix = 520.561 0 305.427 0 522.947 239.71 0 0 1
dist_coeffs = -0.107361 0.164591 -0.000406316 0.00142977 0.032863
known_tags = 4 [0.3129807142005248, 0.5483262442392836, -0.7754878480137332, 66.40426473576436;
 0.6594689525502754, 0.4621227985508924, 0.5929108024667233, -77.8478934125358;
 0.6834791680517939, -0.6969798052583253, -0.216968610405503, 27.70620441422107;
 0, 0, 0, 1]
1 [0.4941161729217061, 0.5149303717599422, -0.70049690926968, 83.12287452771781;
 0.5024664741281848, 0.4883918233248263, 0.7134429684891722, -96.72047540406963;
 0.7094904157452706, -0.7044999213261983, -0.01741294969221616, -1.552821010160301;
 0, 0, 0, 1]
0 [1, 0, 0, 0;
 0, 1, 0, 0;
 0, 0, 1, 0;
 0, 0, 0, 1]

