camera_matrix = 546.729 0 316.891 0 542.295 274.71 0 0 1
dist_coeffs = -0.252788 1.33898 0.00423895 0.0145435 -2.13749
