camera_matrix = 1061.7 0 346.343 0 1069.51 280.663 0 0 1
dist_coeffs = -0.441407 8.43222 0.0170947 0.0037146 -41.9818
