camera_matrix = 518.298 0 292.221 0 522.316 229.663 0 0 1
dist_coeffs = -0.12387 0.537072 7.39683e-05 -0.00598911 -0.983702
size = 3
known_tags = 4 0.987975 0.0282004 -0.152021 43.4045 -0.0563599 0.981262 -0.184253 -20.1505 0.143976 0.190605 0.971051 12.666 0 0 0 1 1 0.99958 0.0247269 0.0150822 -0.525487 -0.0242184 0.999161 -0.0330171 -15.6963 -0.0158859 0.032638 0.999341 -0.494104 0 0 0 1 0 1 0 0 0 0 1 0 0 0 0 1 0 0 0 0 1 